159787
582409
590175
689331
524608
979927
979943
661815
403828
289364
786392
116505
546262
704426
656376
978812
207203
785535
635048
532167
774536
843346
399044
461945
116455
403195
953599
529035
164959
478340
751898
255777
860903
195624
935496
577554
494824
663832
712270
479474
682129
953532
384423
313675
321488
190802
243587
171639
905101
603429
907651
534311
568766
798873
407285
470696
154780
616069
397233
403363
553790
266780
591822
740920
352884
758126
549164
516739
327901
445269
213402
716221
748468
264042
890525
972285
968211
225580
441662
775042
721864
942018
708483
701847
666290
930412
433824
792823
122430
649896
956450
469430
765974
826552
218930
236431
867201
292806
971891
674436
120618
446252
248151
576972
686312
180115
891499
414754
209997
316460
243393
994480
221445
354770
322708
362112
849676
823825
228580
635028
103139
933688
352474
415405
828571
224162
821564
369581
716251
345943
288224
284447
823478
525869
213147
211500
253213
756037
657771
723833
162492
744730
426989
674178
610466
828400
712227
441636
628318
394877
926777
934178
311818
345674
894691
354444
821599
881970
755362
322414
319198
794084
278671
182499
183808
641098
319282
655411
125762
660471
319493
375558
924430
507344
905483
760362
447958
273030
636780
301766
664610
492700
752501
260835
821136
180800
706685
258076
247905
429160
552557
690246
197261
871578
936752
510962
395604
973034
112419
884905
695878
626127
210425
657850
808674
199298
601025
251200
211462
645293
732238
925690
490318
116496
701767
804466
744841
658004
318971
589567
302589
873596
840641
628765
916877
864494
834946
944754
429012
207213
575909
235343
714082
438845
289755
561508
523267
200775
332923
567440
906273
443898
457146
179508
214005
672709
483541
988012
196149
842762
376286
153848
950163
734638
296879
736812
822868
350911
256122
827790
972639
233423
493811
204913
871077
931829
680071
623653
639188
948943
237944
434717
211540
710834
401924
143807
304427
639256
457231
122994
227359
601808
302817
454799
174170
664836
357520
490084
124755
727919
497097
274548
639601
848078
442325
988433
624340
587085
368210
439300
931987
753354
825199
382608
877569
384866
685394
809782
792730
687372
273611
924136
906709
698786
839329
413797
983175
129588
592450
372610
590304
662443
842923
347656
720108
671824
336747
763387
342150
597615
420747
639464
380745
432997
741679
157681
879195
965316
659279
246545
312408
430474
804016
449805
888293
564528
957954
506863
329843
599172
150735
344783
711787
711060
420910
566215
827694
325308
471934
806694
608649
999294
828515
181351
495175
203367
698383
293991
592225
632126
612571
265045
917569
115327
143943
990805
493714
109100
669289
655026
438915
700578
507787
126367
474616
819213
485225
736691
835534
456947
249679
286215
677732
269113
323255
865286
347849
960133
652308
999840
227963
890195
962898
879023
164528
160973
619940
965685
786404
475594
317454
605916
845130
430224
465002
925951
482012
772355
920827
401363
341686
668178
463443
176914
493580
922274
376807
994047
906958
875332
604398
839905
607001
364158
749054
506235
325298
856034
883972
360857
753279
215017
196191
246066
173290
872850
289333
691345
899838
937015
274785
122414
602066
413382
239717
574244
909142
543422
351157
873699
978165
505353
139641
436816
920789
519042
380461
825318
503839
768832
766068
429559
176587
202001
475203
562689
802064
702383
571481
635023
646596
523061
967357
983966
386495
798658
939330
840787
967514
261951
932219
973573
552203
3
4
5
6
7
8
988219
985562
713384
529382
926457
684126
230959
699168
800338
551817
697429
630622
813049
180137
673735
718276
919555
657305
980197
829950
999030
222762
943284
947141
937899
401547
534030
208449
821665
672887
761489
920762
211537
174210
136672
941871
676054
844923
393945
634575
437906
929465
903537
849726
149567
972934
304158
418472
942046
678629
385510
305694
325845
135123
480267
144321
695824
574690
281209
664583
581551
718589
273052
188110
933837
183865
699423
190260
798844
925791
315995
353318
548555
797218
615043
788319
862468
739504
379497
806926
916702
762498
814171
461198
627486
756725
486994
509077
997531
385654
722933
453024
436086
943178
234443
970905
626345
713007
597109
851459
194634
878380
572881
283105
180611
215496
313625
175867
217867
770854
396883
627374
955931
242290
708282
926076
890810
630684
276026
422423
749548
789799
759200
934140
970483
977706
372508
397154
455552
643049
909402
525569
389766
479535
412813
453886
491471
759305
301252
483299
151775
314017
741742
265702
902659
394045
461864
330710
432343
118037
639715
307427
578959
774023
485775
810212
427670
162166
409780
996209
576664
924286
274038
547220
698683
538432
395718
983365
582742
493548
326523
876683
683886
933389
516236
346603
709443
657592
437303
490299
284780
548692
472167
612428
333401
625888
125760
830249
292512
772063
938807
147427
636716
833198
520148
496811
539481
913183
540095
721612
798703
176860
683722
883009
316442
649802
642858
978085
446156
938887
721174
481066
658969
117818
667737
301362
879986
583062
799189
899117
696739
563795
901609
306260
440442
965430
855318
992797
586651
745436
359368
647726
309175
543997
938235
938334
827786
688166
807340
264681
470888
317440
997240
317541
227918
646082
435655
473824
896528
446463
546760
225878
244248
575219
116214
278741
192106
827591
511619
822413
215639
406051
190848
984073
965518
156464
339844
573977
407552
347922
345707
475982
396461
152453
675358
490718
992853
844341
699410
795954
632247
107327
631373
485016
132170
876868
291327
315899
239997
203341
734963
550583
868576
515290
243467
742313
242620
400463
981355
367665
182473
562541
554285
262664
261719
683726
794914
690668
918929
374107
988547
545939
893874
730464
135522
926724
387284
702944
694689
665698
461112
969643
113822
552092
857239
132953
726833
882425
913618
385967
404268
681549
841167
991087
637004
655129
671437
773496
604926
574478
981515
777411
354992
406588
731156
466442
531585
106141
950153
316172
409138
616873
135278
878856
831472
725430
713781
768310
504008
322361
438043
873491
515767
925626
258725
980935
147828
271021
393292
483198
969241
508368
807877
758597
925007
294806
396957
982434
259866
169806
286070
270757
660200
187447
922240
131152
425506
414356
559193
312434
275157
122295
978495
359135
624519
494166
428777
598915
710298
396042
628987
574142
767890
955646
316003
431050
557848
278877
907846
831547
646712
121224
781480
245156
509021
168259
199363
786098
301749
809891
355969
298568
343452
400413
318302
187126
810758
823598
106793
308638
656671
199231
848195
177060
532449
174809
206062
326601
717759
759578
942915
220232
983453
149204
311963
972088
856253
208263
364356
325684
503148
962929
689892
937776
503953
155071
705679
949817
173591
283649
120803
607037
910869
638918
496761
887156
711902
432893
949664
981892
232555
825617
633654
558442
889659
277047
709477
638276
487353
710089
593273
371757
542201
597413
826207
217024
687463
959770
531506
397795
138214
401990
702443
534109
691753
876881
408436